for lab 7

learningrate=1.2
epoch=200

step: 0 
cost=5.732029914855957
pred=[0 0 0 0 0 0 0 0]
acc=0.25
w=[[-0.08385253  1.1196028  -0.77172488]
 [-3.57359362  1.77672446  2.69674587]
 [-2.52464104  1.53776753 -1.06499732]]

step: 50 
cost=11.156356811523438
pred=[2 2 1 1 1 1 1 1]
acc=0.625
w=[[-4.70800352 -0.95935696  5.93138599]
 [ 1.35792708 -2.30121732  1.84316671]
 [ 0.24490476  0.23313332 -2.5299108 ]]

step: 100 
cost=3.8657069206237793
pred=[2 2 1 1 1 1 1 1]
acc=0.625
w=[[-7.24875355 -0.35235319  7.86513615]
 [ 3.1727767  -2.60723639  0.33433616]
 [ 1.55851853 -0.69403601 -2.91635752]]

step: 150 
cost=3.0006885528564453
pred=[2 2 1 1 1 1 1 1]
acc=0.625
w=[[-9.47947121  1.06506741  8.6784296 ]
 [ 3.26698828 -2.99677205  0.62966067]
 [ 2.72760296 -1.40320349 -3.37627339]]
Prediction:[2 2 2]
accuracy eval:1.0
